0.0177
0.0196
0.0216
0.0238
0.0263
0.0290
0.0320
0.0353
0.0389
0.0429
0.0473
0.0521
0.0573
0.0628
0.0687
0.0750
0.0816
0.0885
0.0957
0.1031
0.1107
0.1185
0.1264
0.1345
0.1427
0.1511
0.1594
0.1679
0.1764
0.1850
0.1935
0.2021
0.2107
0.2192
0.2278
0.2363
0.2448
0.2533
0.2619
0.2704
0.2789
0.2874
0.2960
0.3046
0.3132
0.3219
0.3306
0.3393
0.3480
0.3567
0.3655
0.3742
0.3830
0.3918
0.4007
0.4095
0.4183
0.4272
0.4361
0.4451
0.4541
0.4631
0.4721
0.4812
0.4903
0.4993
0.5084
0.5175
0.5266
0.5356
0.5447
0.5537
0.5626
0.5716
0.5805
0.5894
0.5982
0.6070
0.6157
0.6244
0.6330
0.6415
0.6500
0.6585
0.6669
0.6753
0.6836
0.6919
0.7003
0.7086
0.7168
0.7251
0.7334
0.7417
0.7500
0.7582
0.7665
0.7747
0.7830
0.7913
0.7995
0.8078
0.8160
0.8243
0.8325
0.8408
0.8491
0.8573
0.8656
0.8739
0.8822
0.8905
0.8988
0.9072
0.9155
0.9239
0.9323
0.9408
0.9492
0.9578
0.9663
0.9749
0.9835
0.9922
1.0009
1.0097
1.0185
1.0274
1.0364
1.0454
1.0545
1.0636
1.0728
1.0821
1.0914
1.1008
1.1102
1.1198
1.1293
1.1389
1.1486
1.1584
1.1682
1.1780
1.1879
1.1979
1.2080
1.2181
1.2283
1.2385
1.2489
1.2593
1.2698
1.2804
1.2911
1.3019
1.3127
1.3236
1.3345
1.3454
1.3564
1.3673
1.3783
1.3893
1.4003
1.4113
1.4224
1.4334
1.4445
1.4555
1.4666
1.4776
1.4886
1.4997
1.5107
1.5217
1.5327
1.5437
1.5547
1.5656
1.5765
1.5874
1.5982
1.6090
1.6198
1.6305
1.6412
1.6519
1.6625
1.6731
1.6837
1.6942
1.7047
1.7152
1.7257
1.7361
1.7466
1.7570
1.7674
1.7779
1.7883
1.7988
1.8092
1.8198
1.8303
1.8409
1.8516
1.8625
1.8734
1.8845
1.8958
1.9072
1.9189
1.9307
1.9427
1.9550
1.9675
1.9804
1.9935
2.0071
2.0211
2.0356
2.0507
2.0663
2.0826
2.0996
2.1174
2.1362
2.1560
2.1768
2.1989
2.2221
2.2467
2.2728
2.3004
2.3297
2.3609
2.3940
2.4293
2.4669
2.5073
2.5505
2.5970
2.6473
2.7015
2.7603
2.8239
2.8930
2.9683
3.0504
3.1402
3.2388
3.3473
3.4672
3.5998
3.7452
